0  2  10 4  0  0  9  0  0  14 0  0  0  0  7  15
0  0  0  0  0  6  14 0  0  13 0  1  0  8  0  2
0  0  0  0  8  0  12 0  0  15 0  0  4  3  10 0
9  0  8  15 7  0  0  0  2  0  0  6  0  0  1  13
0  5  0  0  15 3  0  2  0  0  16 10 0  4  8  0
0  6  0  1  0  0  7  14 0  8  0  0  12 9  15 0
0  0  0  0  9  0  0  0  14 0  0  0  5  0  0  6
0  0  0  14 4  16 6  12 0  11 0  0  0  0  0  0
0  0  0  8  16 0  0  0  0  5  0  3  0  11 0  0
1  0  13 0  0  0  0  0  0 10 11  0  2  7  5  0
2  0  6  0  0  14 0  4  12 0  7  0  3  0  0  0
7  14 3  0  11 0  13 0  0  0  0  0  0  0  0  0
0  0  1  0  13 7  0  11 0  0  0  4  0  0  0  0
0  11 15 12 0  0  3  6  7  16 0  0  0  0  0  0
0  0  0  9  0  0  0  0  10 2  0  0  0  0  12 3
10 0  0  0  0  0  0  0  9  0  0  0  6  0  0  16