3  0  0  0  10 14 0  0  16 15 12 9  5  0  0  2
9  0  4  0  0  2  0  0  10 3  6  0  0  0  0  0
10 0  13 0  3  0  16 0  1  0  0  4  7  15 0  11
2  0  0  8  4  0  12 15 0  0  0  11 0  6  0  10
0  3  0  0  14 15 0  4  0  11 0  7  6  0  16 9
13 4  10 15 0  8  0  0  2  14 9  0  0  0  0  0
0  9  11 16 0  3  2  1  12 8  0  0  13 4  10 0
0  0  14 7  11 13 0  0  0  0  4  0  0  0  15 8
7  14 15 9  5  0  4  12 0  0  11 3  0  8  0  0
8  0  2  0  0  6  3  0  0  0  0  14 4  0  11 0
4  0  12 10 9  0  8  0  0  13 0  15 16 14 5  0
0  0  0  3  13 0  0  0  0  0  16 0  0  0  0  6
14 10 9  2  8  4  0  0  11 0  0  0  3  0  0  0
1  0  0  11 6  12 5  0  0  16 10 0  2  0  0  4
15 0  5  4  16 0  7  9  8  0  0  0  14 11 1  0
0  0  0  12 0  0  15 0  9  0  14 0  0  13 8  0